0.05174825174825176 -33.20363164721135 0.1
0.1048951048951049 34.24124513618682 0.1
0.1566433566433566 90.66147859922182 0.1
0.2251748251748253 174.96757457846957 0.1
0.31468531468531463 222.3086900129702 0.1
0.36643356643356656 235.92736705577175 0.1
0.41818181818181815 223.6057068741894 0.1
0.4741258741258742 171.07652399481196 0.1
0.5216783216783216 139.29961089494174 0.1
0.5776223776223777 58.884565499351595 0.1
0.627972027972028 -8.560311284046634 0.1
0.6853146853146854 -76.00518806744475 0.1
0.7370629370629369 -122.6977950713358 0.1
0.8419580419580419 -155.12321660181556 0.1
0.8923076923076925 -153.8261997405964 0.1
0.9972027972027973 -80.54474708171188 0.1
1.053146853146853 -33.20363164721124 0.1
1.1034965034965034 34.889753566796514 0.1
1.1552447552447551 90.01297016861236 0.1
0.5804195804195804 10.894941634241377 0.1
