0.05174825174825176 121.14137483787295 0.1
0.10349650349650352 14.785992217898922 0.1
0.1566433566433566 -61.08949416342398 0.1
0.22377622377622375 -99.99999999999989 0.1
0.3160839160839161 -158.3657587548637 0.1
0.3692307692307693 -162.90531776913087 0.1
0.41818181818181815 -132.42542153047987 0.1
0.4755244755244756 -109.07911802853425 0.1
0.5230769230769232 -59.14396887159518 0.1
0.5818181818181818 -16.342412451361724 0.1
0.5846153846153845 56.939040207522794 0.1
0.6307692307692307 101.6861219195851 0.1
0.6853146853146854 139.94811932555132 0.1
0.7370629370629369 171.72503242542155 0.1
0.8405594405594405 230.09079118028546 0.1
0.8909090909090911 228.79377431906624 0.1
0.9972027972027973 158.7548638132297 0.1
1.053146853146853 121.14137483787306 0.1
1.1048951048951048 14.785992217899036 0.1
1.1566433566433567 -61.08949416342398 0.1

